0	0.0
1	0.7712326585531173
2	1.542465317106462
3	2.3136979756595792
4	3.084930634212924
5	3.856163292765814
6	8.258450048128225
7	11.745764525989443
8	12.516997184542333
9	13.288229843095905
10	14.059462501648795
11	14.830695160202367
12	15.601927818755485
13	16.373160477308375
14	17.144393135861947
15	17.915625794415064
16	18.68685845296818
17	19.45809111152107
18	15.601927818755485
19	11.745764525989443
20	12.516997184542333
21	13.288229843095905
22	14.059462501648795
23	14.830695160202367
24	15.601927818755485
25	16.373160477308375
26	17.144393135861947
27	17.915625794415064
28	18.68685845296818
29	19.45809111152107
30	15.19300231629154
31	11.336839023525727
32	12.108071682078617
33	12.879304340631961
34	13.650536999185078
35	14.42176965773865
36	15.193002316291768
37	15.964234974844658
38	16.73546763339823
39	17.506700291951347
40	13.580807481229613
41	14.352040139782957
42	8.988479939967192
43	22.00231386279711
44	22.773546521350227
45	24.362630184831232
46	25.13386284338435
47	25.905095501937467
48	26.676328160490584
49	27.4475608190437
50	28.21879347759682
51	28.990026136149936
52	29.761258794703053
53	30.532491453256398
54	21.94906373487288
55	7.11836857467074
56	7.88960123322363
57	8.660833891776974
58	1.4077238610482254
59	2.1789565196013427
60	2.9501891781546874
61	3.7214218367078047
62	7.712326585531855
63	14.830695160202367
64	15.601927818755257
65	16.373160477308602
66	17.144393135861947
67	17.91562579441529
68	18.68685845296818
69	19.45809111152107
70	20.229323770074416
71	21.00055642862776
72	21.771789087181105
73	22.543021745733995
74	23.31425440428734
75	24.085487062840684
76	24.856719721393574
77	56.831808017457206
78	57.60304067601032
79	58.37427333456344
80	59.145505993116785
81	59.916738651669675
82	49.84818089884425
83	50.61941355739759
84	51.39064621595071
85	52.1618788745036
86	56.61642380343574
87	64.49524523972764
88	65.26647789828098
89	66.0377105568341
90	71.04299822243456
91	51.619256789870406
92	52.39048944842352
93	53.16172210697641
94	22.729099128019016
95	23.500331786572133
96	39.873492263880735
97	40.64472492243385
98	56.95805352218986
99	16.818526006295315
100	17.351218788411188
101	18.122451446964078
102	18.893684105517423
103	20.953078507962573
104	21.724311166515918
105	22.495543825068808
106	23.266776483621925
107	22.749847398283237
108	23.521080056836354
109	24.292312715389244
110	42.42205738891448
111	18.847727204154126
112	19.61895986270747
113	20.39019252126036
114	21.161425179813705
115	21.93265783836705
116	22.70389049691994
117	23.47512315547283
118	24.21227868882079
119	24.915357096963362
120	25.618435505105936
121	26.32151391324851
122	28.568536948766905
123	18.82066051790025
124	19.591893176453596
125	20.363125835006485
126	21.13435849355983
127	23.27740155380775
128	24.048634212361094
129	24.819866870913984
130	25.59109952946733
131	26.362332188020673
132	27.133564846573563
133	27.904797505126453
134	26.56812912821988
135	29.613319797984786
136	30.384552456537676
137	31.155785115090566
138	31.92701777364391
139	32.6982504321968
140	33.469483090750145
141	34.240715749303035
142	35.4208739103201
143	36.19210656887344
144	36.96333922742633
145	37.73457188597922
146	38.505804544532566
147	39.27703720308591
148	40.048269861639255
149	87.62528597645814
150	87.62528597645814
151	87.21636047399443
152	87.21636047399443
153	87.21636047399443
154	98.05615088537297
155	98.05615088537297
156	98.05615088537297
157	98.05615088537297
158	106.35494204632687
159	16.34774065265333
160	17.28503028695809
161	65.02810337752862
162	65.73950415852937
163	66.14421081268233
164	66.85561159368308
165	67.56701237468383
166	92.66794158128619
167	46.121781199413135
168	47.0590708337179
169	94.80214392428843
170	64.68572519581653
171	42.8580822471738
172	43.79537188147856
173	44.73266151578332
174	45.66995115008808
175	46.60724078439284
176	47.544530418697605
177	48.48182005300214
178	1.7213936534608365
179	31.400401320928722
180	31.911647881097906
181	32.41766691888529
182	32.918458434290415
183	33.41402242731351
184	33.90435889795458
185	5.178295917721925
186	5.4921203678475194
187	5.800717295590857
188	6.104086700952621
189	2.0394781419388437
190	0.07350396949618698
191	0.3611908077118642
192	0.6436501235448304
193	0.9208819169957678
194	151.7201879051231
195	99.11228292956639
196	99.88351558811974
197	151.7201879051231
198	151.7201879051231
199	145.01248181724918
200	145.01248181724918
201	145.01248181724918
202	144.51431088999448
203	144.51431088999448
204	144.51431088999448
205	144.51431088999448
206	244.75615933423342
207	196.0757966093579
208	197.01308624366266
209	244.75615933423342
210	244.75615933423342
211	244.75615933423342
212	244.75615933423342
213	244.75615933423342
214	305.5909501800236
215	244.75615933423342
216	244.75615933423342
217	244.75615933423342
218	244.75615933423342
219	244.75615933423342
220	244.75615933423342
221	244.75615933423342
222	244.75615933423342
223	244.75615933423342
224	244.75615933423342
225	244.75615933423342
226	321.08635014769015
227	321.08635014769015
228	321.08635014769015
229	321.08635014769015
230	228.59368673611584
231	229.3649193946692
232	236.89069691524537
233	237.6619295737985
234	245.1963834525793
235	245.96761611113243
236	253.51074634811744
237	254.28197900667078
238	261.8337856018593
239	262.60501826041286
240	270.16550121380556
241	270.9367338723589
242	278.5058931839567
243	279.27712584251003
244	286.854961512312
245	287.6261941708649
246	181.51770829013367
247	182.288940948687
248	187.1771055751658
249	136.40643232126058
250	142.24465817110695
251	147.07642646925774
252	152.87994688628714
253	157.6075988859866
254	158.7490179188792
255	145.1917927861275
256	150.47039353179866
257	154.10482439776024
258	159.3747487852263
259	162.95712150196323
260	168.2183695312251
261	171.74868409873557
262	177.00125576979417
263	180.47951218807884
264	185.72340750093258
265	189.1496057699917
266	239.7961231652614
267	219.2991030768842
268	224.52564567332888
269	227.84772764393733
270	233.06559388217806
271	236.33561770356073
272	241.5448075835975
273	244.76277325575438
274	249.96328677758697
275	193.19725000453218
276	197.9986510489682
277	201.11250042267352
278	91.91667217188115
279	74.7491396262867
280	78.2013669699586
281	81.21110004521347
282	84.645974672477
283	87.60364959850631
284	91.02117150936124
285	99.72901694157486
286	133.44792702384098
287	134.21915968239432
288	136.57382771322614
289	137.34506037177948
290	158.12086729351768
291	163.24655215916914
292	165.61857290641
293	166.38980556496313
294	168.77050267040818
295	169.54173532896152
296	171.93110879261076
297	172.70234145116387
298	175.1003912730173
299	175.8716239315704
300	178.27835011162847
301	179.0495827701816
302	154.61558187803166
303	131.34794582011864
304	138.39612979309027
305	83.77315349648984
306	87.18199904914081
307	142.3713503648671
308	144.81278197774236
309	145.58401463629525
310	148.03412260737446
311	148.8053552659278
312	151.26413959521096
313	152.0353722537643
314	147.19495169691254
315	158.8764511086356
316	161.35258815432758
317	159.9107053305611
318	7.678454785618214
319	8.449687444171559
320	9.220920102724676
321	9.992152761277794
322	26.749534956114076
323	17.54799318139999
324	18.319225839953106
325	19.09045849850645
326	19.861691157059568
327	20.632923815612685
328	21.40415647416603
329	22.175389132719147
330	22.94662179127249
331	23.71785444982538
332	24.4890871083785
333	25.260319766931843
334	41.099821193233765
335	47.69378360536098
336	48.46501626391432
337	49.23624892246744
338	50.007481581020784
339	50.7787142395739
340	51.54994689812679
341	52.321179556680136
342	53.09241221523325
343	53.8636448737866
344	54.634877532339715
345	55.40611019089283
346	56.17734284944618
347	56.948575507999294
348	57.719808166552184
349	58.4910408251053
350	59.26227348365842
351	60.03350614221176
352	64.22156102165286
353	64.99279368020575
354	65.7640263387591
355	66.53525899731221
356	67.30649165586556
357	68.07772431441867
358	68.84895697297179
359	69.62018963152514
360	70.39142229007803
361	71.16265494863137
362	71.93388760718449
363	72.7051202657376
364	89.16130923092192
365	90.09859886522668
366	90.92294407287932
367	91.63434485388007
368	92.34574563488081
369	93.05714641588156
370	79.43555696831868
371	6.262468630550757
372	18.040866516072356
373	18.8120991746257
374	19.58333183317859
375	20.354564491731935
376	21.534722652748997
377	22.305955311301886
378	69.85305548734482
379	70.56445626834557
380	71.27585704934631
381	71.98725783034706
382	73.66023753241916
383	40.448798609619644
384	41.386088243924405
385	42.32337787822917
386	43.26066751253393
387	44.19795714683869
388	14.282707982876218
389	14.985786391018792
390	47.009826049752974
391	47.947115684057735
392	48.8844053183625
393	49.82169495266726
394	50.75898458697202
395	51.69627422127678
396	22.249447509638685
397	22.95252591778103
398	23.655604325923605
399	23.472677478727974
400	57.30280477334395
401	58.24009440764871
402	3.230327233067783
403	4.0015598916211275
404	4.772792550174245
405	5.544025208727362
406	6.315257867280479
407	7.086490525833597
408	7.857723184386941
409	8.628955842940059
410	9.892142491832828
411	10.82943212613759
412	11.766721760442351
413	12.704011394747113
414	13.641301029051874
415	14.578590663356636
416	15.402935871009277
417	16.114336652010024
418	16.825737433010772
419	17.53713821401152
420	18.248538995012268
421	18.959939776013016
422	71.51564269960659
423	53.137292167397845
424	30.88887566891799
425	33.43206017898274
426	36.00033679648095
427	38.59370552141286
428	41.21216635377846
429	43.85571929357798
430	46.52436434081142
431	49.21810149547832
432	22.50642184039043
433	25.084286234173305
434	27.6872427353901
435	32.197199401571424
436	32.96843206012477
437	35.64666488364264
438	38.34998981459444
439	41.0784068529797
440	43.83191599879865
441	46.61051725205152
442	49.414210612738316
443	52.71141853318318
444	55.1135184021291
445	57.992488085116975
446	91.71478918377261
447	175.17427502184228
448	142.40164849405255
449	147.4385394163428
450	204.17090751443789
451	204.942140172991
452	212.38983046972908
453	89.41884241900175
454	95.22236283603047
455	100.57471262643776
456	106.34352761064974
457	111.59176110260569
458	117.32587065400025
459	122.46998784750485
460	128.16939196608223
461	133.2093928611357
462	138.87409154689635
463	143.80997614349872
464	149.43996939644217
465	155.19143166424578
466	160.7693667679639
467	167.92639906485874
468	173.48698145216827
469	180.59195559983755
470	154.93132963322796
471	161.98424563167168
472	167.51012258616424
473	174.51098043538195
474	191.99037839541165
475	124.51712671447103
476	132.27716590656223
477	17.902881472751915
478	23.98404535231748
479	29.683449470894857
480	145.42213171712274
481	68.30440879152025
482	73.52227502976098
483	77.45170207466776
484	82.66089195470454
485	86.53826085038622
486	91.73877437221836
487	95.56408511867426
488	100.75592228230244
489	104.52917487953255
490	109.71233568495632
491	113.43353013296064
492	113.9806186288613
493	91.09790089475132
494	97.14435934149947
495	97.91559200005258
496	103.96205044680119
497	104.73328310535453
498	110.77974155210313
499	111.55097421065625
500	117.59743265740485
501	118.36866531595797
502	124.4151237627068
503	125.18635642125969
504	172.37646902314646
505	138.35118344267858
506	144.39764188942695
507	145.16887454798052
508	151.2153329947289
509	151.98656565328224
510	158.03302410003062
511	158.80425675858373
512	164.85071520533256
513	165.62194786388568
514	171.66840631063428
515	172.43963896918717
516	211.4114227350276
517	223.15718726101682
518	228.7871805139605
519	229.55841317251407
520	235.18840642545706
521	235.9596390840104
522	241.58963233695408
523	242.36086499550765
524	247.99085824845065
525	248.76209090700445
526	254.39208415994767
527	255.16331681850102
528	119.8892528341205
529	120.66048549267384
530	123.8610984484219
531	101.1020476569986
532	104.51089320964911
533	128.60417672127664
534	131.80478967702447
535	132.57602233557805
536	135.77663529132678
537	136.5478679498799
538	139.74848090562818
539	140.5197135641813
540	143.7203265199298
541	144.4915591784827
542	147.69217213423144
543	148.4634047927841
544	151.6640177485333
545	152.43525040708596
546	155.63586336283515
547	156.4070960213876
548	159.60770897713633
549	160.37894163568876
550	163.5795545914375
551	164.35078724999062
552	169.2711401705376
553	170.76577093937976
554	173.96638389512827
555	174.73761655368162
556	177.93822950942922
557	178.7094621679828
558	181.91007512373085
559	182.68130778228465
560	185.88192073803248
561	186.65315339658628
562	189.8537663523341
563	190.62499901088745
564	193.82561196663596
565	194.5968446251893
566	197.79745758093736
567	202.82123781355085
568	65.1177935319754
569	65.88902619052851
570	66.66025884908163
571	67.43149150763475
572	68.20272416618786
573	68.97395682474098
574	69.74518948329433
575	70.51642214184744
576	71.28765480040079
577	72.0588874589539
578	72.83012011750702
579	73.60135277606014
580	74.37258543461326
581	75.14381809316615
582	75.91505075171926
583	76.68628341027238
584	46.253660431314984
585	47.0248930898681
586	47.79612574842122
587	48.56735840697456
588	51.827536149200796
589	22.015774428298755
590	22.787007086851872
591	23.558239745405217
592	39.93140022271359
593	40.70263288126671
594	41.473865539819826
595	42.245098198372716
596	43.01633085692606
597	43.78756351547918
598	43.27063443014026
599	44.04186708869361
600	37.27141602785787
601	19.012072097378677
602	19.783304755931795
603	20.55453741448514
604	21.325770073038257
605	22.097002731591147
606	22.86823539014449
607	23.63946804869738
608	24.410700707250726
609	25.181933365803843
610	25.95316602435696
611	26.724398682910305
612	27.495631341463422
613	28.266864000016767
614	29.038096658569884
615	29.809329317123
616	46.14841266922599
617	46.851491077368564
618	47.55456948551091
619	48.257647893653484
620	48.96072630179606
621	49.66380470993863
622	51.984718449841694
623	52.75595110839481
624	37.92525594819267
625	38.69648860674579
626	39.467721265298906
627	40.23895392385202
628	41.01018658240514
629	41.64511074013694
630	41.734800894583714
631	42.50603355313706
632	43.277266211690176
633	46.859033584189774
634	47.63026624274312
635	48.40149890129601
636	49.17273155984935
637	49.94396421840247
638	50.71519687695559
639	51.486429535508705
640	52.25766219406182
641	53.02889485261494
642	53.800127511168284
643	54.5713601697214
644	55.342592828274746
645	56.93167649175575
646	57.70290915030887
647	58.474141808862214
648	59.245374467415104
649	60.01660712596845
650	60.787839784521566
651	61.55907244307468
652	67.74321713252675
653	53.37554447499474
654	55.601978727670485
655	55.01787826639952
656	55.789110924952865
657	56.56034358350598
658	41.72964842330384
659	42.50088108185696
660	43.27211374041008
661	44.043346398963195
662	44.81457905751654
663	45.58581171606966
664	21.38617275790375
665	16.762067681399003
666	17.47346846239975
667	18.1848692434005
668	18.896270024401247
669	19.607670805401995
670	20.319071586402742
671	21.03047236740349
672	21.38617275790375
673	21.38617275790375
674	21.38617275790375
675	21.38617275790375
676	36.98810057665901
677	31.975088296063632
678	32.74632095461675
679	33.517553613170094
680	34.288786271722984
681	35.06001893027633
682	35.831251588829446
683	36.60248424738256
684	36.98810057665901
685	36.98810057665901
686	36.98810057665901
687	36.98810057665901
688	52.590028395414265
689	47.57701611481889
690	48.348248773372006
691	49.11948143192535
692	49.89071409047824
693	50.661946749031586
694	51.4331794075847
695	52.20441206613782
696	52.590028395414265
697	52.590028395414265
698	52.590028395414265
699	52.590028395414265
700	68.19195621416975
701	63.178943933574374
702	63.95017659212749
703	64.72140925068084
704	65.49264190923373
705	66.26387456778707
706	67.03510722634019
707	67.8063398848933
708	68.19195621416975
709	68.19195621416975
710	68.19195621416975
711	68.19195621416975
712	9.640408231914535
713	5.016303155409787
714	5.727703936410535
715	6.439104717411283
716	4.836807522752451
717	5.548208303753199
718	4.836807522752451
719	5.548208303753199
720	6.259609084753947
721	6.971009865754695
722	7.326710256254955
723	7.326710256254955
724	7.326710256254955
725	22.928638075010213
726	22.928638075010213
727	22.928638075010213
728	38.53056589376547
729	38.53056589376547
730	38.53056589376547
731	38.53056589376547
732	38.53056589376547
733	38.53056589376547
734	40.84426386942505
735	40.84426386942505
736	47.19139978554222
737	22.720296393425542
738	23.49152905197866
739	24.262761710532004
740	0.8549412076040426
741	1.6261738661569325
742	2.39740652471005
743	3.1686391832633944
744	3.9398718418165117
745	4.711104500369856
746	5.482337158922974
747	6.253569817476091
748	39.81089691901252
749	40.16659730951278
750	40.16659730951278
751	40.16659730951278
752	40.16659730951278
753	40.16659730951278
754	40.16659730951278
755	40.16659730951278
756	40.16659730951278
757	40.16659730951278
758	40.84426386942505
759	40.84426386942505
760	56.446191688180534
761	31.933476431772988
762	32.704709090326105
763	33.47594174887945
764	34.24717440743234
765	36.18946319679685
766	36.96069585534997
767	37.731928513903085
768	53.24488817367728
769	53.95628895467803
770	54.66768973567878
771	55.379090516679526
772	56.09049129768027
773	56.446191688180534
774	56.446191688180534
775	56.446191688180534
776	56.446191688180534
777	56.446191688180534
778	56.446191688180534
779	56.446191688180534
780	56.446191688180534
781	56.446191688180534
782	56.446191688180534
783	56.446191688180534
784	72.04811950693579
785	63.178943933574374
786	63.95017659212749
787	64.72140925068084
788	65.49264190923395
789	66.2638745677873
790	67.03510722634041
791	67.80633988489353
792	68.57757254344688
793	69.34880520199977
794	70.12003786055311
795	70.89127051910623
796	71.66250317765935
797	72.04811950693579
798	72.04811950693579
799	72.04811950693579
800	72.04811950693579
801	72.04811950693579
802	72.04811950693579
803	72.04811950693579
804	56.446191688180534
805	56.446191688180534
806	56.446191688180534
807	56.446191688180534
808	72.04811950693579
809	61.26928871243126
810	62.20657834673602
811	63.143867981040785
812	65.49264190923395
813	66.2638745677873
814	67.03510722634041
815	67.80633988489353
816	68.57757254344688
817	69.34880520199977
818	70.12003786055311
819	70.89127051910623
820	82.48543482935565
821	22.240204878750774
822	23.011437537303664
823	23.78267019585701
824	24.553902854410353
825	30.281022763217834
826	31.052255421770724
827	31.82348808032407
828	32.59472073887741
829	33.3659533974303
830	34.13718605598365
831	34.90841871453654
832	35.67965137308988
833	82.8710511586321
834	82.8710511586321
835	82.8710511586321
836	82.8710511586321
837	82.8710511586321
838	82.8710511586321
839	82.8710511586321
840	82.8710511586321
841	82.8710511586321
842	82.8710511586321
843	82.8710511586321
844	100.90927057812632
845	47.62054003324306
846	48.39177269179618
847	49.16300535034952
848	49.93423800890264
849	63.92117000146732
850	51.4767033260091
851	52.24793598456222
852	53.01916864311556
853	53.79040130166845
854	54.5616339602218
855	55.332866618774915
856	75.66091394880186
857	45.70838248451946
858	46.47961514307235
859	47.250847801625696
860	48.02208046017904
861	48.793313118732385
862	49.564545777285275
863	50.33577843583862
864	51.107011094391964
865	51.878243752944854
866	52.6494764114982
867	53.42070907005109
868	54.191941728604434
869	107.25038591558882
870	107.25038591558882
871	107.25038591558882
872	93.87271042307475
873	38.19775139344756
874	38.96898405200045
875	39.740216710553796
876	40.51144936910714
877	41.282682027660485
878	42.053914686213375
879	42.82514734476672
880	43.596380003320064
881	44.367612661872954
882	45.1388453204263
883	45.91007797897919
884	46.68131063753253
885	93.87271042307475
886	93.87271042307475
887	150.6212377028064
888	35.14513545994896
889	38.31104298288051
890	41.75459396834776
891	44.86844334205375
892	48.29464161111332
893	51.35643283559352
894	54.76527838824427
895	57.775011463498686
896	61.16650429974061
897	64.12417922576992
898	67.4983193456037
899	70.403936122407
900	73.76072352583265
901	76.61428215341016
902	79.95371684042698
903	82.75521731877848
904	80.90377987547072
905	45.885885396578715
906	49.450905396906364
907	50.222138055460164
908	53.787158055786904
909	54.5583907143407
910	58.12341071466835
911	58.89464337322124
912	62.459663373549574
913	63.230896032102464
914	66.79591603243034
915	67.56714869098323
916	71.13216869131088
917	71.90340134986377
918	75.46842135019187
919	76.23965400874476
920	140.82337915657718
921	114.37400652973224
922	118.97585133546932
923	121.84676267945542
924	126.47463655980641
925	129.39760605301854
926	134.05150900798162
927	137.0265366504193
928	141.7064686799954
929	144.73355447165818
930	149.43951557584728
931	152.5186595167354
932	186.20910093989437
933	196.35166684913315
934	200.95351165487045
935	204.1367718942106
936	208.76464577456113
937	211.99996416312683
938	216.65386711809015
939	219.94124365588164
940	224.62117568545705
941	227.9606103724741
942	111.33637834816886
943	114.72787118441124
944	116.82224846911527
945	120.26579945458343
946	122.38620581390023
947	125.8818149485935
948	128.02825038252354
949	131.5759176664426
950	133.7483821749854
951	137.34810760812957
952	139.54660119128584
953	143.19838477365556
954	145.42290743142462
955	149.12674916302012
956	105.31255689310183
957	79.56848398926763
958	81.84506479626111
959	85.65302282630864
960	87.95563270791513
961	27.24619113101994
962	30.629007609058135
963	34.54108193755633
964	37.94125113200312
965	41.905383609727096
966	45.32290552058271
967	46.09413817913514
968	70.08184224432239
969	29.39808550821749
970	33.0151636577707
971	33.78639631632382
972	37.403474465877025
973	38.17470712443037
974	41.79178527398358
975	42.563017932536695
976	46.18009608209013
977	46.9513287406437
978	50.568406890196684
979	51.339639548749574
980	114.58819042663185
981	80.89162876217324
982	84.36988518045814
983	85.14111783901126
984	88.61937425729616
985	89.39060691584905
986	92.8688633341344
987	93.64009599268752
988	112.72028022972745
989	96.41643994228002
990	3.2747713978285447
991	4.046004056381889
992	13.240159320675957
993	3.188454055816692
994	3.9596867143700365
995	4.730919372922926
996	5.502152031475816
997	6.273384690029161
998	7.044617348582278
999	7.815850007135396
1000	8.58708266568874
1001	9.358315324241858
1002	10.129547982794975
1003	10.900780641348092
1004	11.67201329990121
1005	12.443245958454554
1006	13.214478617007671
1007	13.985711275561016
1008	14.756943934114133
1009	15.52817659266725
1010	16.299409251220368
1011	17.070641909773485
1012	16.599485875154414
1013	17.37071853370776
1014	18.141951192260876
1015	18.91318385081422
1016	25.13629524716316
1017	2.7639163675719374
1018	3.535149026125282
1019	4.306381684678399
1020	5.077614343231289
1021	5.848847001784634
1022	6.620079660337524
1023	7.3913123188908685
1024	8.162544977443986
1025	8.933777635997103
1026	9.70501029455022
1027	10.476242953103338
1028	16.973750269719176
1029	10.476242953103565
1030	16.973750269719176
1031	10.476242953103565
1032	16.973750269719176
1033	10.51032007830895
1034	16.977911456148377
1035	10.544397203514336
1036	22.494951223313592
1037	7.765576713455857
1038	22.49495122331382
1039	7.765576713455857
1040	22.49495122331382
1041	7.76557671345563
1042	22.49495122331382
1043	7.765576713455857
1044	22.49495122331382
1045	7.765576713455857
1046	22.49495122331382
1047	7.76557671345563
1048	22.219971320353807
1049	8.858407621343076
1050	22.21997132035426
1051	8.858407621342849
1052	22.219971320353807
1053	8.858407621343076
1054	22.219971320354034
1055	8.858407621343076
1056	22.219971320353807
1057	8.858407621343076
1058	22.219971320353807
1059	8.858407621343076
1060	17.439726708936405
1061	1.1030148772115353
1062	17.439726708936405
1063	1.1030148772115353
1064	17.439726708936405
1065	1.1030148772117627
1066	17.439726708936178
1067	1.1030148772115353
1068	17.439726708936178
1069	1.1030148772115353
1070	17.439726708936178
1071	1.1030148772117627
1072	17.43972670893595
1073	1.10301487721199
1074	17.439726708936178
1075	1.10301487721199
1076	17.439726708936178
1077	1.10301487721199
1078	17.439726708936178
1079	1.10301487721199
1080	17.439726708936405
1081	1.10301487721199
1082	17.439726708936178
1083	1.1030148772117627
1084	17.20551548277399
1085	1.2690718529631795
1086	16.971304256611802
1087	1.4351288287145962
1088	16.737093030449614
1089	1.6011858044662404
1090	16.502881804287426
1091	1.7672427802181119
1092	16.26867057812524
1093	1.9332997559695286
1094	16.03445935196305
1095	2.0993567317211728
1096	21.662225980920766
1097	2.649173655808454
1098	3.537511927442665
1099	4.30874458599601
1100	5.079977244549127
1101	5.851209903102244
1102	6.622442561655362
1103	7.393675220208252
1104	8.164907878761596
1105	8.936140537314714
1106	9.70737319586783
1107	11.311331096813774
1108	12.248620731118308
1109	13.18591036542307
1110	13.37350324521094
1111	14.310792879515702
1112	15.248082513820464
1113	16.185372148125225
1114	17.122661782429986
1115	18.059951416734748
1116	18.99724105103951
1117	19.93453068534427
1118	20.871820319649032
1119	21.696165527301673
1120	22.40756630830242
1121	23.11896708930317
1122	23.830367870303917
1123	24.541768651304665
1124	25.253169432305413
1125	25.96457021330616
1126	26.67597099430691
1127	27.387371775307656
1128	28.098772556308404
1129	28.810173337309152
1130	29.5215741183099
1131	29.87727450881016
1132	25.16740047239682
1133	1.8264891544426973
1134	24.396167813843476
1135	1.8264891544429247
1136	23.62493515529036
1137	1.8264891544426973
1138	22.85370249673724
1139	1.8264891544426973
1140	22.082469838184124
1141	1.8264891544426973
1142	21.311237179631007
1143	2.6784172845755165
1144	20.540004521077663
1145	2.6784172845759713
1146	19.768771862524773
1147	2.678417284575744
1148	18.997539203971428
1149	2.678417284575744
1150	18.22630654541831
1151	2.678417284575744
1152	17.455073886865193
1153	1.8605662796480829
1154	16.717918353517234
1155	0.16619455457589538
1156	0.9374272131290127
1157	5.02436421530706
1158	5.795596873860177
1159	6.566829532413294
1160	7.338062190966639
1161	8.109294849519756
1162	8.8805275080731
1163	9.651760166626218
1164	10.422992825179335
1165	11.194225483732453
1166	25.97236262645515
1167	16.511044245674384
1168	16.140969248346437
1169	16.91220190689978
1170	17.6834345654529
1171	18.454667224006016
1172	19.22589988255936
1173	19.997132541112478
1174	20.768365199665595
1175	21.539597858218713
1176	22.31083051677183
1177	23.082063175325175
1178	23.936324321754228
1179	24.87361395605899
1180	25.81090359036375
1181	27.0548873515163
1182	27.87923255916894
1183	28.59063334016969
1184	29.302034121170436
1185	30.1497434029925
1186	30.861144183993247
1187	31.572544964993995
1188	32.28394574599474
1189	32.99534652699549
1190	49.703269752098095
1191	32.72538331191072
1192	33.496615970463836
1193	34.267848629016726
1194	35.03908128757007
1195	35.81031394612319
1196	36.581546604676305
1197	37.35277926322942
1198	38.12401192178254
1199	38.895244580335884
1200	39.666477238889
1201	40.43770989744189
1202	62.03022847769307
1203	45.3954761908758
1204	43.824596587807264
1205	44.59582924636038
1206	45.367061904913726
1207	46.13829456346684
1208	46.90952722201996
1209	47.21233742824893
1210	47.98357008680182
1211	48.754802745355164
1212	49.52603540390828
1213	50.2972680624614
1214	58.8539982448317
1215	55.39242957741271
1216	56.16366223596583
1217	56.93489489451895
1218	57.70612755307229
1219	58.47736021162541
1220	59.2485928701783
1221	60.01982552873142
1222	60.791058187284534
1223	61.56229084583788
1224	62.333523504390996
1225	63.10475616294411
1226	33.72589529475408
1227	29.869732001988268
1228	30.640964660541158
1229	31.412197319094503
1230	32.18342997764762
1231	32.954662636200965
1232	33.72589529475408
1233	33.72589529475408
1234	33.72589529475408
1235	33.72589529475408
1236	33.72589529475408
1237	33.72589529475408
1238	20.22932377007419
1239	20.22932377007419
1240	20.22932377007419
1241	20.22932377007419
1242	20.22932377007419
1243	20.22932377007419
1244	20.22932377007419
1245	20.22932377007419
1246	20.22932377007419
1247	20.22932377007419
1248	20.22932377007419
1249	20.22932377007419
1250	20.22932377007419
1251	50.586667179955384
1252	31.128576068434313
1253	31.899808726987203
1254	32.67104138554055
1255	33.442274044093665
1256	34.21350670264701
1257	50.586667179955384
1258	50.586667179955384
1259	50.586667179955384
1260	50.586667179955384
1261	49.711759588802124
1262	49.711759588802124
1263	48.46937089563016
1264	49.76920078817693
1265	48.48103904428467
1266	48.48103904428467
1267	48.48103904428467
1268	48.48103904428467
1269	48.48103904428467
1270	48.48103904428467
1271	48.48103904428467
1272	48.48103904428467
1273	48.48103904428467
1274	35.831251588829446
1275	35.831251588829446
1276	35.831251588829446
1277	35.831251588829446
1278	35.831251588829446
1279	35.831251588829446
1280	35.831251588829446
1281	35.831251588829446
1282	35.831251588829446
1283	35.831251588829446
1284	35.831251588829446
1285	35.831251588829446
1286	35.831251588829446
1287	51.39910228237977
1288	47.54293898961396
1289	48.34824877337178
1290	49.119481431925124
1291	49.89071409047824
1292	50.661946749031586
1293	51.4331794075847
1294	51.4331794075847
1295	51.4331794075847
1296	51.4331794075847
1297	51.4331794075847
1298	51.4331794075847
1299	76.18140476331723
1300	24.689173135527426
1301	21.156735101106733
1302	22.094024735411494
1303	23.031314369716256
1304	23.968604004021017
1305	71.71167709459178
1306	71.71167709459178
1307	71.71167709459178
1308	71.71167709459178
1309	71.71167709459178
1310	71.71167709459178
1311	71.71167709459178
1312	71.71167709459178
1313	76.18140476331723
1314	16.03821754702244
1315	63.61523366184156
1316	64.38646632039467
1317	65.15769897894779
1318	65.92893163750114
1319	66.70016429605403
1320	67.47139695460737
1321	68.24262961316049
1322	69.0138622717136
1323	69.39947860099005
1324	73.81020061082836
1325	73.81020061082836
1326	74.04441183699055
1327	74.04441183699055
1328	74.04441183699055
1329	74.04441183699055
1330	74.04441183699055
1331	74.04441183699055
1332	74.04441183699055
1333	74.04441183699055
1334	74.16151745007164
1335	102.0987188651884
1336	37.588883752233414
1337	38.4772220238674
1338	39.24845468242074
1339	40.01968734097363
1340	40.79091999952698
1341	41.56215265808032
1342	42.33338531663321
1343	43.10461797518656
1344	43.87585063373945
1345	44.88129451845498
1346	45.65252717700787
1347	120.31780529772209
1348	46.36634685655463
1349	73.60191157413715
1350	74.37314423269049
1351	75.14437689124361
1352	75.91560954979695
1353	76.68684220835007
1354	73.70604880746168
1355	74.47728146601503
1356	75.24851412456792
1357	99.73649307815504
1358	100.7336145900124
1359	101.50484724856574
1360	102.27607990711863
1361	103.04731256567197
1362	103.81854522422532
1363	104.58977788277866
1364	105.36101054133155
1365	108.94277791383115
1366	110.06532741162823
1367	110.83656007018112
1368	111.60779272873447
1369	112.37902538728736
1370	113.1502580458407
1371	159.55788395166087
1372	159.55788395166087
1373	159.55788395166087
1374	159.55788395166087
1375	207.8217543772787
1376	13.918908252739357
1377	212.70589355400375
1378	12.405825152982288
1379	217.66530905302943
1380	11.655605843419607
1381	222.70000087435687
1382	10.100702564606308
1383	228.16566940848566
1384	2.1943743166107197
1385	68.21554134766893
1386	69.10387961930292
1387	69.87511227785626
1388	70.64634493640915
1389	71.4175775949625
1390	72.18881025351584
1391	73.74381679179123
1392	74.681106426096
1393	134.42802285824405
1394	136.77679678643722
1395	137.54802944499056
1396	138.31926210354345
1397	139.0904947620968
1398	139.86172742065014
1399	140.63296007920303
1400	141.40419273775638
1401	142.17542539630927
1402	142.9466580548626
1403	228.16566940848566
1404	228.16566940848566
1405	228.16566940848566
1406	228.16566940848566
1407	228.16566940848566
1408	228.16566940848566
1409	228.16566940848566
1410	228.16566940848566
1411	228.16566940848566
1412	228.16566940848566
1413	228.16566940848566
1414	228.16566940848566
1415	228.16566940848566
1416	234.062314655416
1417	240.03423622464766
1418	246.08143411618062
1419	22.550734882310962
1420	32.77919798351763
1421	42.44803598054773
1422	52.46826648485148
1423	62.05901725804415
1424	71.87101516544521
1425	81.38367871479863
1426	90.98744402529792
1427	100.422020350813
1428	109.8175530644096
1429	119.17404216608702
1430	128.36134228278047
1431	137.6397441606191
1432	146.61881168041077
1433	155.81912633441084
1434	164.58996125729914
1435	216.00653790482738
1436	221.7216408346053
1437	231.138864443712
1438	238.45207118828398
1439	247.82591300636955
1440	254.9829453032644
1441	264.3134053303286
1442	271.31426317954697
1443	264.99941359683453
1444	221.2435759510804
1445	229.54588753093958
1446	236.2343964848037
1447	248.17453110672227
1448	217.66650712656974
1449	225.46992810968254
1450	226.24116076823634
1451	234.0532581095531
1452	234.82449076810735
1453	242.64526446762784
1454	243.41649712618118
1455	251.24594718390722
1456	252.01717984246056
1457	259.8553062583899
1458	260.6265389169437
1459	268.4733416910776
1460	202.71425963929778
1461	211.6412690098639
1462	219.16270835133787
1463	228.0376595726782
1464	235.40292446647527
1465	244.22581753859026
1466	251.43490798471043
1467	260.2057429075994
1468	323.6376345173817
1469	331.37164463486033
1470	336.3248819478704
1471	344.0328629907376
1472	348.8819840052963
1473	356.56393597354963
1474	361.30894068965813
1475	365.74273498895263
1476	399.30385118609
1477	406.0964764384055
1478	406.8677090969584
1479	413.67768706568336
1480	414.44891972423625
1481	421.2762504093696
1482	422.0474830679225
1483	428.89216646946375
1484	429.6633991280162
1485	266.4514617258908
1486	267.22269438444414
1487	137.84121090765893
1488	122.28535846613227
1489	125.69420401878278
1490	126.46543667733636
1491	129.87428222998642
1492	130.64551488854022
1493	134.05436044119074
1494	134.8255930997443
1495	138.23443865239483
1496	139.0056713109484
1497	142.41451686359892
1498	143.18574952215204
1499	146.59459507480324
1500	147.36582773335613
1501	150.77467328600665
1502	151.54590594455976
1503	4.454642085965588
1504	6.631444773609928
1505	8.092447909403063
1506	10.217192447821617
1507	11.652166509001745
1508	13.72485289819474
1509	15.133797884762316
1510	17.154426124729298
1511	51.7903189252163
1512	50.31724258265854
1513	51.908391091515114
1514	52.67962375006823
1515	54.27944861712899
1516	55.05068127568188
1517	56.659182500947054
1518	57.43041515950017
1519	59.04759274296953
1520	59.818825401522645
1521	61.44467934319687
1522	97.59376257965505
1523	59.13947925386583
1524	63.78205369381158
1525	65.74628560545125
1526	68.92954584479139
1527	70.91980683104407
1528	76.19298371801847
1529	78.20927377888438
1530	81.7308615428376
1531	83.7731806783163
1532	86.362918610816
1533	88.43126682090701
1534	91.82275965714962
1535	93.91713694185341
1536	97.36068792732158
1537	99.48109428663861
1538	103.87758291413547
1539	106.19007532381693
1540	109.15410282897051
1541	111.49262431326474
1542	115.19025247175045
1543	117.32059180449505
1544	121.1384323626171
1545	122.72847559230922
1546	126.43231732390541
1547	129.3452086726527
1548	148.10943277425372
1549	146.9388576833926
1550	163.68686653795953
1551	165.95477098674905
1552	166.72600364530217
1553	169.00258445229588
1554	168.6833491042787
1555	170.96860626947682
1556	171.73983892802994
1557	173.86338682540577
1558	174.63461948395866
1559	176.9372293655656
1560	177.50399927288686
1561	178.2377442430577
1562	179.00897690161082
1563	181.3289394996259
1564	199.66747557465783
1565	53.83591976781349
1566	54.60715242636638
1567	58.29364144155329
1568	59.064874100106636
1569	62.751363115294
1570	63.52259577384734
1571	67.20908478903493
1572	114.7861009038536
1573	118.47258991904118
1574	119.2438225775943
1575	122.93031159278166
1576	70.65316725917637
1577	16.29120745856153
1578	68.10787377194015
1579	17.344763150072595
1580	67.28699470000993
1581	18.341262255357606
1582	66.47479198628434
1583	20.48528595343896
1584	65.67126563076249
1585	22.629309651520316
1586	64.80826138303473
1587	24.773333349601444
1588	63.95393349351093
1589	26.91735704768257
1590	63.10828196219131
1591	29.43622912302203
1592	64.02545062165836
1593	31.580252821103386
1594	61.45819523072578
1595	33.724276519184286
1596	60.70672702442948
1597	36.209071469318815
1598	59.963935176338055
1599	38.353095167399715
1600	59.22981968645058
1601	40.49711886548107
1602	58.504380554767295
1603	42.64114256356197
1604	58.02182900745083
1605	44.785166261643326
1606	53.32525654474739
1607	46.929189959724226
1608	52.62584648767688
1609	49.07321365780558
1610	51.935112788810784
1611	51.21723735588671
1612	54.16831180478334
1613	47.53074834069889
1614	56.410187178960086
1615	43.8442593255113
1616	58.660738911341014
1617	76.52189482068161
1618	51.04756307830803
1619	51.04756307830803
1620	67.70142185154009
1621	17.425091431785404
1622	20.229323770074416
1623	21.00055642862776
1624	21.77178908718065
1625	22.543021745733995
1626	69.73442153127621
1627	69.73442153127621
1628	69.73442153127621
1629	69.73442153127621
1630	69.73442153127621
1631	69.73442153127621
1632	69.73442153127621
1633	69.73442153127621
1634	69.73442153127621
1635	5.575903257564505
1636	6.347135916117395
1637	7.11836857467074
1638	7.88960123322363
1639	8.660833891776974
1640	9.432066550330319
1641	10.203299208883209
1642	10.974531867436554
1643	11.745764525989443
1644	12.516997184542788
1645	13.288229843095678
1646	14.059462501649023
1647	14.830695160201913
1648	78.31154687400203
1649	40.55221363878968
1650	35.06001893027678
1651	36.274254216499
1652	36.977332624641576
1653	37.68041103278415
1654	38.383489440926496
1655	39.08656784906907
1656	37.475948281552064
1657	38.17902668969464
1658	69.73442153127621
1659	69.73442153127621
1660	69.73442153127621
1661	69.73442153127621
1662	69.73442153127621
1663	69.73442153127621
1664	69.73442153127621
1665	69.73442153127621
1666	69.73442153127621
1667	69.73442153127621
1668	69.73442153127621
1669	69.73442153127621
1670	69.73442153127621
1671	69.73442153127621
1672	69.73442153127621
1673	69.73442153127621
1674	69.73442153127621
1675	69.73442153127621
1676	69.73442153127621
1677	14.961676183420195
1678	15.898965817724957
1679	16.836255452029718
1680	17.67131371071855
1681	18.60860334502331
1682	19.545892979328073
1683	20.483182613632835
1684	21.420472247937596
1685	22.357761882242357
1686	69.73442153127621
1687	69.73442153127621
1688	78.98921343391407
1689	25.627952379946464
1690	19.458091111521526
1691	20.229323770074416
1692	21.00055642862776
1693	21.771789087181105
1694	22.543021745733995
1695	23.31425440428734
1696	21.77178908718065
1697	22.543021745733995
1698	69.73442153127621
1699	69.73442153127621
1700	69.73442153127621
1701	69.73442153127621
1702	69.73442153127621
1703	69.73442153127621
1704	69.73442153127621
1705	69.73442153127621
1706	69.73442153127621
1707	69.73442153127621
1708	69.73442153127621
1709	69.73442153127621
1710	69.73442153127621
1711	69.73442153127621
1712	22.928638075010213
1713	22.928638075010213
1714	22.928638075010213
1715	22.928638075010213
1716	38.53056589376547
1717	16.442102361491607
1718	17.213335020044724
1719	17.98456767859784
1720	18.92618596317766
1721	20.282946687136246
1722	20.319071586402742
1723	21.090304244956087
1724	37.46346472226446
1725	38.17486550326521
1726	38.53056589376547
1727	38.53056589376547
1728	56.446191688180534
1729	49.890714090478696
1730	50.66194674903204
1731	51.43317940758516
1732	49.890714090478696
1733	50.66194674903204
1734	51.43317940758493
1735	52.204412066138275
1736	52.97564472469139
1737	53.74687738324451
1738	54.132493712520954
1739	54.132493712520954
1740	54.132493712520954
1741	54.132493712520954
1742	54.132493712520954
1743	54.132493712520954
1744	54.132493712520954
1745	54.132493712520954
1746	54.132493712520954
1747	54.132493712520954
1748	54.132493712520954
1749	54.132493712520954
1750	54.132493712520954
1751	54.132493712520954
1752	72.04811950693579
1753	34.73178889939254
1754	35.503021557945885
1755	36.274254216499
1756	34.663634648982
1757	35.36671305712457
1758	36.06979146526692
1759	36.77286987340949
1760	37.475948281552064
1761	38.17902668969464
1762	69.73442153127621
1763	69.73442153127621
1764	69.73442153127621
1765	69.73442153127621
1766	69.73442153127621
1767	69.73442153127621
1768	69.73442153127621
1769	69.73442153127621
1770	69.73442153127621
1771	69.73442153127621
1772	7.326710256254955
1773	7.326710256254955
1774	7.326710256254955
1775	7.326710256254955
1776	9.640408231914535
1777	3.0849306342126965
1778	3.856163292766041
1779	4.6273959513191585
1780	5.398628609872276
1781	3.856163292766041
1782	4.627395951318931
1783	5.398628609872276
1784	6.169861268425393
1785	6.94109392697851
1786	7.326710256254955
1787	7.326710256254955
1788	7.326710256254955
1789	7.326710256254955
1790	7.326710256254955
1791	7.326710256254955
1792	7.326710256254955
1793	7.326710256254955
1794	7.326710256254955
1795	7.326710256254955
1796	7.326710256254955
1797	7.326710256254955
1798	7.326710256254955
1799	7.326710256254955
1800	7.326710256254955
1801	22.936771606958928
1802	16.38129400925709
1803	17.152526667810434
1804	17.92375932636355
1805	18.69499198491667
1806	19.466224643470014
1807	20.237457302022904
1808	19.747836327979485
1809	20.519068986532602
1810	21.29030164508572
1811	21.675917974362164
1812	21.675917974362164
1813	21.675917974362164
1814	20.433529281190204
1815	20.433529281190204
1816	20.88530698779823
1817	7.326710256254955
1818	7.326710256254955
1819	7.326710256254955
1820	7.326710256254955
1821	7.326710256254955
1822	7.326710256254955
1823	12.902136669775018
1824	13.673369328328135
1825	14.44460198688148
1826	14.772832017765495
1827	15.54406467631884
1828	19.029839518714198
1829	17.316294790923394
1830	18.087527449476738
1831	18.858760108029628
1832	19.629992766582973
1833	20.40122542513609
1834	21.172458083689207
1835	21.558074412965652
1836	21.558074412965652
1837	27.94165035560559
1838	8.804569437880446
1839	9.50764784602302
1840	10.210726254165593
1841	13.724339376254875
1842	14.427417784397448
1843	12.319961478593086
1844	13.02303988673566
1845	13.726118294878233
1846	14.088425450967634
1847	15.136436297592354
1848	21.903022360247405
1849	31.333392017057804
1850	19.01868982555061
1851	19.789922484103954
1852	20.56115514265707
1853	21.33238780121019
1854	10.249072259603508
1855	11.020304918156626
1856	11.791537576709743
1857	12.596847360468473
1858	14.422030536751436
1859	15.568111572563112
1860	16.33934423111623
1861	34.28878627172344
1862	17.585073386974045
1863	18.356306045527162
1864	19.127538704080507
1865	19.898771362633624
1866	20.67000402118697
1867	21.44123667973986
1868	22.212469338292976
1869	22.98370199684632
1870	23.346009152935494
1871	24.91588992867605
1872	25.853179562980813
1873	26.790469197285347
1874	27.72775883159011
1875	28.66504846589487
1876	20.726695448234977
1877	21.66398508253974
1878	22.6012747168445
1879	23.53856435114926
1880	24.475853985454023
1881	25.413143619758785
1882	26.35043325406332
1883	26.10767729021495
1884	26.8190780712157
1885	27.530478852216447
1886	28.241879633217195
1887	28.953280414217943
1888	29.66468119521869
1889	73.59006627096551
1890	70.77819736805122
1891	71.71548700235599
1892	48.95342445617416
1893	49.89071409047892
1894	49.89071409047892
1895	49.89071409047892
1896	49.89071409047892
1897	49.89071409047892
1898	49.89071409047892
1899	49.89071409047892
1900	49.89071409047892
1901	84.6529930520137
1902	82.33929507635412
1903	83.11052773490724
1904	64.44879224903843
1905	65.22002490759155
1906	65.22002490759155
1907	65.49264190923418
1908	65.49264190923418
1909	65.49264190923418
1910	65.49264190923418
1911	65.49264190923418
1912	65.49264190923418
1913	89.77063536282776
1914	87.63643301982552
1915	88.34783380082627
1916	64.5086241265908
1917	65.22002490759155
1918	65.22002490759155
1919	65.49264190923418
1920	65.49264190923418
1921	34.28878627172344
1922	34.28878627172344
1923	34.28878627172344
1924	34.28878627172344
1925	67.54000112094491
1926	64.54476064117898
1927	65.3159932997321
1928	49.081075656445364
1929	49.85230831499848
1930	49.85230831499848
1931	49.61809708883629
1932	49.61809708883629
1933	49.61809708883629
1934	49.61809708883629
1935	49.61809708883629
1936	49.61809708883629
1937	71.78060761806864
1938	67.87289109089875
1939	68.69723629855139
1940	69.40863707955214
1941	70.12003786055288
1942	70.12003786055288
1943	70.12003786055288
1944	65.49264190923418
1945	65.49264190923418
1946	65.49264190923418
1947	65.49264190923418
1948	65.49264190923418
1949	3.084930634212924
1950	3.084930634212924
1951	3.084930634212924
1952	3.084930634212924
1953	8.483559244084745
1954	6.349356901082501
1955	7.060757682083249
1956	7.772158463083997
1957	7.712326585531628
1958	7.712326585531628
1959	7.712326585531628
1960	7.712326585531628
1961	7.712326585531628
1962	7.712326585531628
1963	7.712326585531628
1964	7.712326585531628
1965	7.712326585531628
1966	7.712326585531628
1967	7.712326585531628
1968	7.712326585531628
1969	3.084930634212924
1970	3.084930634212924
1971	3.084930634212924
1972	3.084930634212924
1973	3.084930634212924
1974	3.084930634212924
1975	3.084930634212924
1976	3.084930634212924
1977	3.084930634212924
1978	7.712326585531628
1979	5.578124242529384
1980	6.289525023530132
1981	2.373529853212176
1982	3.084930634212924
1983	3.084930634212924
1984	3.084930634212924
1985	3.084930634212924
1986	3.084930634212924
1987	3.084930634212924
1988	3.084930634212924
1989	3.084930634212924
1990	27.17041769705247
1991	21.771789087180423
1992	22.54302174573354
1993	22.543021745733768
1994	23.314254404286885
1995	23.314254404286885
1996	23.314254404286885
1997	23.314254404286885
1998	23.314254404286885
1999	23.314254404286885
