1 8.988479939967192 270 50
2 2.58809389592534 243 50
3 1.81686123737245 218 50
4 1.0456285788191053 196 50
5 3.084930634212469 177 50
6 2.3136979756595792 159 50
7 1.5424653171062346 143 50
8 0.7712326585533447 129 50
9 0.0 116 50
10 0.7712326585528899 104 50
11 1.5424653171062346 94 50
12 2.3136979756595792 84 50
13 3.084930634212469 76 50
14 6.666698006712522 68 50
15 7.437930665265412 61 50
16 8.209163323818757 55 50
17 8.980395982372102 50 50
18 9.751628640924991 50 50
19 9.159776291265189 50 50
20 10.33993445228225 50 50
21 11.111167110835595 50 50
22 11.88239976938894 50 50
23 12.65363242794183 50 50
24 13.42486508649472 50 50
25 37.43616277966703 50 50
26 34.77348403258338 50 50
27 33.069542867071505 50 50
28 30.45892226921319 50 50
29 28.781010178313863 50 50
30 26.222447729681335 50 50
31 24.570564713394788 50 50
32 22.064060413988045 50 50
33 20.438206472314505 50 50
34 19.592261547398493 50 50
35 17.98376032213332 50 50
36 15.564019604769328 50 50
37 13.981547454116708 50 50
38 24.310596258796068 50 50
39 36.51108625340248 50 50
40 39.91374027944153 50 50
41 40.68497293799487 50 50
42 41.45620559654776 50 50
43 42.22743825510065 50 50
44 42.998670913653996 50 50
45 43.769903572206886 50 50
46 44.54113623076023 50 50
47 45.312368889313575 50 50
48 46.083601547866465 50 50
49 46.85483420641981 50 50
50 47.6260668649727 50 50
51 48.397299523526044 50 50
52 49.168532182078934 50 50
53 65.54169265938754 50 50
54 20.229323770074416 270 50
55 67.88936837276924 243 50
56 68.826658007074 218 50
57 69.76394764137876 196 50
58 70.70123727568352 177 50
59 71.63852690998829 159 50
60 72.57581654429305 143 50
61 73.51310617859781 129 50
62 60.04925133392817 116 50
63 12.742845738345068 104 50
64 11.971613079791723 94 50
65 11.200380421238378 84 50
66 10.429147762685488 76 50
67 9.657915104132144 68 50
68 8.886682445579254 61 50
69 8.149526912231295 55 50
70 7.446448504088721 50 50
71 6.743370095946148 50 50
72 6.040291687803574 50 50
73 5.337213279661 50 50
74 0.9288198232945888 50 50
75 2.116370846469863 50 50
76 2.8194492546124366 50 50
77 3.4202962871388536 50 50
78 4.191528945692198 50 50
79 2.669795946000022 50 50
80 3.3728743541425956 50 50
81 4.075952762285169 50 50
82 5.2474536227521185 50 50
83 5.950532030894692 50 50
84 6.653610439036811 50 50
85 6.027680964172077 50 50
86 6.347135916117395 50 50
87 7.11836857467074 50 50
88 7.88960123322363 50 50
89 5.918203279467889 50 50
90 5.498260124987382 50 50
91 12.794825573943399 50 50
92 12.383246455274275 50 50
93 11.975849354510729 50 50
94 11.572634271652305 50 50
95 11.173601206699914 50 50
96 10.778750159652873 50 50
97 10.388081130511182 50 50
98 143.21093712993547 50 50
99 51.4331794075847 270 50
100 51.4331794075847 243 50
101 51.4331794075847 218 50
102 67.03510722634019 196 50
103 31.97508829606386 177 50
104 32.74632095461675 159 50
105 33.517553613170094 143 50
106 34.28878627172321 129 50
107 35.060018930276556 116 50
108 67.03510722634019 104 50
109 67.03510722634019 94 50
110 67.03510722634019 84 50
111 67.03510722634019 76 50
112 67.03510722634019 68 50
113 67.03510722634019 61 50
114 67.03510722634019 270 50
115 67.03510722634019 243 50
116 67.03510722634019 218 50
117 67.03510722634019 196 50
118 16.373160477308375 177 50
119 17.144393135861264 159 50
120 17.91562579441461 143 50
121 18.686858452967954 129 50
122 19.4580911115213 116 50
123 67.03510722634019 104 50
124 67.03510722634019 94 50
125 67.03510722634019 84 50
126 67.03510722634019 76 50
127 67.03510722634019 68 50
128 67.03510722634019 61 50
129 140.1378257211311 270 50
130 140.1378257211311 243 50
131 140.1378257211311 218 50
132 140.1378257211311 196 50
133 140.1378257211311 177 50
134 140.1378257211311 159 50
135 140.1378257211311 143 50
136 194.94058265277613 129 50
137 197.15496113380436 270 50
138 197.15496113380436 243 50
139 197.15496113380436 218 50
140 197.15496113380436 196 50
141 18.817959684095058 270 50
142 27.050860398319628 243 50
143 32.71555908408027 218 50
144 40.896401649078825 196 50
145 46.543747618431325 177 50
146 54.67253203420432 159 50
147 60.30252528714777 143 50
148 68.37925155369567 129 50
149 73.9918920902303 116 50
150 82.01656020755217 104 50
151 87.61184802767912 94 50
152 95.58445799577521 84 50
153 174.66079403304366 270 50
154 179.60101680874777 243 50
155 91.69553044057216 218 50
156 95.36466673935138 196 50
157 98.61733784432522 177 50
158 102.26912142669562 159 50
159 105.46973438244459 143 50
160 109.10416524840593 129 50
161 112.25272005492866 116 50
162 115.86979820448255 104 50
163 132.94484845590023 270 50
164 137.52934054522962 243 50
165 140.76465893379486 218 50
166 24.733498855155403 196 50
167 21.550238615815488 177 50
168 18.705356346442386 159 50
169 15.574154256327574 143 50
170 12.746624703363523 129 50
171 40.269890181582014 116 50
172 35.620589073690326 104 50
173 40.34824107338977 94 50
174 43.09768340251594 84 50
175 47.82533540221584 76 50
176 50.57477773134224 68 50
177 93.6345802775013 61 50
178 117.61987312468727 270 50
179 123.73574243707003 243 50
180 96.075306259326 218 50
181 162.51410207912386 196 50
182 3.908017369984236 177 50
183 2.6243171362034445 159 50
184 6.276100718574071 143 50
185 162.66426629884245 129 50
186 14.707874423852445 270 50
187 15.47910708240579 243 50
188 16.25033974095868 218 50
189 17.02157239951157 196 50
190 17.792805058064914 177 50
191 18.56403771661826 159 50
192 19.335270375171604 143 50
193 80.29474378798864 129 50
194 80.29474378798864 116 50
195 80.29474378798864 104 50
196 80.29474378798864 94 50
197 80.29474378798864 84 50
198 80.29474378798864 76 50
199 81.30156459876753 270 50
200 83.3340253009012 243 50
201 85.39157811046834 218 50
202 87.47422302746918 196 50
203 2.090122417812154 177 50
204 1.4228394332903918 159 50
205 5.799098925716635 143 50
206 9.260002627593394 129 50
207 13.61023304540754 116 50
208 17.019078598058286 104 50
209 21.343279941259425 94 50
210 156.6436851425044 84 50
211 215.5111856662877 270 50
212 277.4575433860032 243 50
213 43.1579618450844 270 50
214 42.386729186531284 243 50
215 41.615496527978166 218 50
216 40.84426386942505 196 50
217 40.07303121087193 177 50
218 39.301798552318814 159 50
219 38.53056589376547 143 50
220 37.75933323521235 129 50
221 36.98810057665901 116 50
222 36.21686791810589 104 50
223 112.18368539720746 94 50
224 123.38582706054513 270 50
225 123.38582706054513 243 50
226 208.7153276502986 218 50
227 175.19777403712897 196 50
228 108.35460875823674 177 50
229 109.12584141678963 159 50
230 111.15948419406413 143 50
231 142.74895616085087 129 50
232 122.14944601643674 270 50
233 206.92414678538898 243 50
234 173.40659317221935 218 50
235 175.80849956236216 196 50
236 176.96534855019172 177 50
237 179.37593129853803 159 50
238 36.57711445334826 270 50
239 30.54800872300848 243 50
240 27.14783952856169 218 50
241 25.30143332876696 196 50
242 27.930369864660406 177 50
243 33.18824293644775 159 50
244 35.817179472341195 143 50
245 41.07505254412763 129 50
246 43.703989080021074 116 50
247 149.19115212752013 104 50
248 53.870845127943994 270 50
249 34.6744026009992 243 50
250 34.6744026009992 218 50
251 34.6744026009992 196 50
252 51.04756307830803 177 50
253 3.2735572166166094 159 50
254 2.5023245580632647 143 50
255 1.7310918995103748 129 50
256 0.9598592409570301 116 50
257 52.401401813010125 104 50
258 52.401401813010125 94 50
259 52.401401813010125 84 50
260 52.401401813010125 76 50
261 52.01578548373345 68 50
262 52.01578548373345 61 50
263 52.01578548373345 55 50
264 55.558150274102445 50 50
265 59.507813149205504 270 50
266 59.507813149205504 243 50
267 59.507813149205504 218 50
268 59.507813149205504 196 50
269 59.507813149205504 177 50
270 59.507813149205504 159 50
271 59.507813149205504 143 50
272 59.507813149205504 129 50
273 59.507813149205504 116 50
274 59.507813149205504 104 50
275 59.507813149205504 94 50
276 49.89071409047892 84 50
277 49.89071409047892 76 50
278 49.89071409047892 68 50
279 49.89071409047892 61 50
280 49.89071409047892 55 50
281 49.89071409047892 50 50
282 49.89071409047892 50 50
283 49.89071409047892 50 50
284 49.89071409047892 50 50
285 76.07200569726524 50 50
286 67.42072355561663 270 50
287 65.28652121261439 243 50
288 65.99792199361514 218 50
289 66.70932277461588 196 50
290 75.5186664704247 177 50
291 75.5186664704247 159 50
292 75.5186664704247 143 50
293 75.5186664704247 129 50
294 75.5186664704247 116 50
295 75.5186664704247 104 50
296 75.5186664704247 94 50
297 75.5186664704247 84 50
298 75.5186664704247 76 50
299 75.5186664704247 68 50
300 75.5186664704247 270 50
301 75.5186664704247 243 50
302 75.5186664704247 218 50
303 75.5186664704247 196 50
304 75.5186664704247 177 50
305 65.49264190923418 159 50
306 65.49264190923418 143 50
307 65.49264190923418 129 50
308 65.49264190923418 116 50
309 65.49264190923418 104 50
310 34.28878627172344 94 50
311 34.28878627172344 84 50
312 34.28878627172344 76 50
313 34.28878627172344 68 50
314 77.34732393828199 61 50
315 163.1570115139616 270 50
316 163.1570115139616 243 50
317 163.1570115139616 218 50
318 163.1570115139616 196 50
319 163.1570115139616 177 50
320 163.1570115139616 159 50
321 113.15377024313034 270 50
322 120.45396245039524 243 50
323 126.15336656897307 218 50
324 133.42752970162587 196 50
325 139.02281752175236 177 50
326 146.27095157979215 159 50
327 151.76212310146752 143 50
328 151.76743922932314 270 50
329 156.70332382592505 243 50
330 162.17714263119228 218 50
331 167.11302722779442 196 50
332 172.5868460330612 177 50
333 177.52273062966356 159 50
334 71.74752957430564 270 50
335 65.28460593375189 243 50
336 58.82168229319882 218 50
337 52.35875865264552 196 50
338 45.89583501209154 177 50
339 39.43291137153824 159 50
340 32.96998773098517 143 50
341 39.43291137153824 129 50
342 45.89583501209131 116 50
343 60.4035307491331 104 50
344 55.37654439138623 94 50
345 49.330085944638085 84 50
346 44.34648137791214 76 50
347 183.5768133488932 68 50
348 129.37713366158096 270 50
349 132.43892488606116 243 50
350 136.98871154257313 218 50
351 140.1025609162789 196 50
352 144.67837664740432 177 50
353 147.8442841703354 159 50
354 152.44612897607362 143 50
355 36.05491836519741 270 50
356 32.43784021564443 243 50
357 31.66660755709063 218 50
358 28.049529407537648 196 50
359 27.278296748984758 177 50
360 23.661218599430867 159 50
361 30.12414223998485 143 50
362 33.74122038953783 129 50
363 37.58388385240187 116 50
364 41.218314718364354 104 50
365 45.11303633045395 94 50
366 48.76481991282435 84 50
367 52.71159967413996 76 50
368 136.82859534429326 68 50
369 147.875129353082 270 50
370 151.04103687601332 243 50
371 155.85111427865354 218 50
372 158.96496365235907 196 50
373 163.76636469679556 177 50
374 166.8281559212753 159 50
375 174.6306136827618 270 50
376 191.38553573273475 243 50
377 172.4261409509627 218 50
378 177.34033465205403 196 50
379 180.52359489139417 177 50
380 90.80329752095054 270 50
381 118.53716375443219 243 50
382 53.74536545561614 218 50
383 57.449207187212096 196 50
384 60.6671728593692 177 50
385 64.35366187455656 159 50
386 65.12489453310968 143 50
387 98.88526782380882 129 50
388 95.77141845010328 116 50
389 93.84189197128012 104 50
390 92.77530299708997 94 50
391 90.8631292346754 84 50
392 12.052201412721388 270 50
393 11.349123004579042 243 50
394 10.646044596436468 218 50
395 9.942966188293894 196 50
396 9.446713432700335 177 50
397 8.675480774147218 159 50
398 7.904248115593873 143 50
399 7.133015457040983 129 50
400 6.361782798487866 116 50
